proj:       1
zone:       -24
north:      9186433.03532195
south:      9124443.99785854
east:       480348.55302339
west:       398818.60562419
cols:       2665
rows:       2016
e-w resol:  30.59285081
n-s resol:  30.74853049
top:        1.000000000000000
bottom:     0.000000000000000
cols3:      10003
rows3:      7606
depths:     1
e-w resol3: 8.15054958
n-s resol3: 8.15001807
t-b resol:  1
