proj:       1
zone:       -24
north:      9186433.03532195
south:      9124443.99785854
east:       480348.55302339
west:       398818.60562419
cols:       2665
rows:       2016
e-w resol:  30.59285081
n-s resol:  30.74853049
format:     2
compressed: 2
