proj:       1
zone:       -24
north:      9183788.6617
south:      9128318.3127
east:       469977.5766
west:       413074.8741
cols:       1860
rows:       1804
e-w resol:  30.59285081
n-s resol:  30.74853049
format:     -1
compressed: 2
